Expected min n = 38
    n            x1            x2            f1            f2             a             b         b - a   (b1 - a1) / (b - a)
    1  9.000000e+00  9.000000e+00  4.900000e+01  4.900000e+01 -2.000000e+00  9.000000e+00  1.100000e+01          2.000000e+00
    2  3.500000e+00  3.500000e+00  2.250000e+00  2.250000e+00 -2.000000e+00  3.500000e+00  5.500000e+00          2.000000e+00
    3  7.500000e-01  7.500000e-01  1.562500e+00  1.562500e+00  7.500000e-01  3.500000e+00  2.750000e+00          2.000000e+00
    4  2.125000e+00  2.125000e+00  1.562500e-02  1.562500e-02  7.500000e-01  2.125000e+00  1.375000e+00          2.000000e+00
    5  1.437500e+00  1.437500e+00  3.164063e-01  3.164062e-01  1.437500e+00  2.125000e+00  6.875000e-01          2.000000e+00
    6  1.781250e+00  1.781250e+00  4.785156e-02  4.785156e-02  1.781250e+00  2.125000e+00  3.437500e-01          2.000000e+00
    7  1.953125e+00  1.953125e+00  2.197266e-03  2.197266e-03  1.953125e+00  2.125000e+00  1.718750e-01          2.000000e+00
    8  2.039062e+00  2.039063e+00  1.525879e-03  1.525879e-03  1.953125e+00  2.039063e+00  8.593750e-02          2.000000e+00
    9  1.996094e+00  1.996094e+00  1.525879e-05  1.525879e-05  1.996094e+00  2.039063e+00  4.296875e-02          2.000000e+00
   10  2.017578e+00  2.017578e+00  3.089905e-04  3.089905e-04  1.996094e+00  2.017578e+00  2.148438e-02          2.000000e+00
   11  2.006836e+00  2.006836e+00  4.673004e-05  4.673004e-05  1.996094e+00  2.006836e+00  1.074219e-02          2.000000e+00
   12  2.001465e+00  2.001465e+00  2.145767e-06  2.145767e-06  1.996094e+00  2.001465e+00  5.371094e-03          2.000000e+00
   13  1.998779e+00  1.998779e+00  1.490116e-06  1.490116e-06  1.998779e+00  2.001465e+00  2.685547e-03          2.000000e+00
   14  2.000122e+00  2.000122e+00  1.490116e-08  1.490117e-08  1.998779e+00  2.000122e+00  1.342773e-03          2.000000e+00
   15  1.999451e+00  1.999451e+00  3.017485e-07  3.017485e-07  1.999451e+00  2.000122e+00  6.713868e-04          2.000000e+00
   16  1.999786e+00  1.999786e+00  4.563481e-08  4.563479e-08  1.999786e+00  2.000122e+00  3.356934e-04          2.000000e+00
   17  1.999954e+00  1.999954e+00  2.095477e-09  2.095472e-09  1.999954e+00  2.000122e+00  1.678467e-04          2.000000e+00
   18  2.000038e+00  2.000038e+00  1.455191e-09  1.455195e-09  1.999954e+00  2.000038e+00  8.392339e-05          1.999999e+00
   19  1.999996e+00  1.999996e+00  1.455198e-11  1.455160e-11  1.999996e+00  2.000038e+00  4.196172e-05          1.999999e+00
   20  2.000017e+00  2.000017e+00  2.946760e-10  2.946777e-10  1.999996e+00  2.000017e+00  2.098088e-05          1.999998e+00
   21  2.000007e+00  2.000007e+00  4.456512e-11  4.456579e-11  1.999996e+00  2.000007e+00  1.049047e-05          1.999995e+00
   22  2.000001e+00  2.000001e+00  2.046337e-12  2.046480e-12  1.999996e+00  2.000001e+00  5.245259e-06          1.999990e+00
   23  1.999999e+00  1.999999e+00  1.421107e-12  1.420988e-12  1.999999e+00  2.000001e+00  2.622654e-06          1.999981e+00
   24  2.000000e+00  2.000000e+00  1.420869e-14  1.422061e-14  1.999999e+00  2.000000e+00  1.311352e-06          1.999962e+00
   25  1.999999e+00  1.999999e+00  2.877796e-13  2.877259e-13  1.999999e+00  2.000000e+00  6.557011e-07          1.999924e+00
   26  2.000000e+00  2.000000e+00  4.352454e-14  4.350368e-14  2.000000e+00  2.000000e+00  3.278755e-07          1.999848e+00
   27  2.000000e+00  2.000000e+00  1.999214e-15  1.994745e-15  2.000000e+00  2.000000e+00  1.639628e-07          1.999695e+00
   28  2.000000e+00  2.000000e+00  1.387102e-15  1.390828e-15  2.000000e+00  2.000000e+00  8.200639e-08          1.999390e+00
   29  2.000000e+00  2.000000e+00  1.394560e-17  1.357466e-17  2.000000e+00  2.000000e+00  4.102819e-08          1.998781e+00
   30  2.000000e+00  2.000000e+00  2.807205e-16  2.823985e-16  2.000000e+00  2.000000e+00  2.053910e-08          1.997566e+00
   31  2.000000e+00  2.000000e+00  4.238229e-17  4.303580e-17  2.000000e+00  2.000000e+00  1.029455e-08          1.995143e+00
   32  2.000000e+00  2.000000e+00  1.926249e-18  2.067539e-18  2.000000e+00  2.000000e+00  5.172274e-09          1.990333e+00
   33  2.000000e+00  2.000000e+00  1.376500e-18  1.261675e-18  2.000000e+00  2.000000e+00  2.611137e-09          1.980851e+00
   34  2.000000e+00  2.000000e+00  1.151871e-20  2.475124e-20  2.000000e+00  2.000000e+00  1.330569e-09          1.962422e+00
   35  2.000000e+00  2.000000e+00  2.840453e-19  2.332494e-19  2.000000e+00  2.000000e+00  6.902843e-10          1.927566e+00
   36  2.000000e+00  2.000000e+00  4.529102e-20  2.650933e-20  2.000000e+00  2.000000e+00  3.701421e-10          1.864917e+00
   37  2.000000e+00  2.000000e+00  2.782120e-21  7.539437e-24  2.000000e+00  2.000000e+00  2.100711e-10          1.761985e+00
   38  2.000000e+00  2.000000e+00  7.447291e-22  5.973702e-21  2.000000e+00  2.000000e+00  1.300355e-10          1.615490e+00
   39  2.000000e+00  2.000000e+00  1.620030e-22  1.389199e-21  2.000000e+00  2.000000e+00  9.001777e-11          1.444554e+00
Real n = 39
