N = 26
    i            x1            x2            f1            f2             a             b         b - a   (b1 - a1) / (b - a)
    1  3.193496e+00  6.403252e+00  1.424432e+00  1.938863e+01 -2.000000e+00  1.159675e+01  1.359675e+01          1.618034e+00
    2  1.209757e+00  3.193496e+00  6.244844e-01  1.424432e+00 -2.000000e+00  6.403252e+00  8.403252e+00          1.618034e+00
    3 -1.626124e-02  1.209757e+00  4.065309e+00  6.244844e-01 -2.000000e+00  3.193496e+00  5.193496e+00          1.618034e+00
    4  1.209757e+00  1.967478e+00  6.244844e-01  1.057711e-03 -1.626124e-02  3.193496e+00  3.209757e+00          1.618034e+00
    5  1.967478e+00  2.435775e+00  1.057711e-03  1.898996e-01  1.209757e+00  3.193496e+00  1.983739e+00          1.618034e+00
    6  1.678054e+00  1.967478e+00  1.036493e-01  1.057711e-03  1.209757e+00  2.435775e+00  1.226018e+00          1.618034e+00
    7  1.967478e+00  2.146351e+00  1.057711e-03  2.141865e-02  1.678054e+00  2.435775e+00  7.577208e-01          1.618034e+00
    8  1.856928e+00  1.967478e+00  2.046973e-02  1.057711e-03  1.678054e+00  2.146351e+00  4.682972e-01          1.618034e+00
    9  1.967478e+00  2.035801e+00  1.057711e-03  1.281723e-03  1.856928e+00  2.146351e+00  2.894236e-01          1.618034e+00
   10  1.925251e+00  1.967478e+00  5.587387e-03  1.057711e-03  1.856928e+00  2.035801e+00  1.788736e-01          1.618034e+00
   11  1.967478e+00  1.993575e+00  1.057711e-03  4.128323e-05  1.925251e+00  2.035801e+00  1.105500e-01          1.618034e+00
   12  1.993575e+00  2.009704e+00  4.128323e-05  9.416530e-05  1.967478e+00  2.035801e+00  6.832363e-02          1.618034e+00
   13  1.983607e+00  1.993575e+00  2.687433e-04  4.128323e-05  1.967478e+00  2.009704e+00  4.222635e-02          1.618033e+00
   14  1.993575e+00  1.999736e+00  4.128323e-05  6.985874e-08  1.983607e+00  2.009704e+00  2.609727e-02          1.618037e+00
   15  1.999736e+00  2.003543e+00  6.985874e-08  1.255275e-05  1.993575e+00  2.009704e+00  1.612908e-02          1.618026e+00
   16  1.997382e+00  1.999736e+00  6.853443e-06  6.985874e-08  1.993575e+00  2.003543e+00  9.968189e-03          1.618056e+00
   17  1.999736e+00  2.001189e+00  6.985874e-08  1.414639e-06  1.997382e+00  2.003543e+00  6.160894e-03          1.617978e+00
   18  1.998836e+00  1.999736e+00  1.355394e-06  6.985874e-08  1.997382e+00  2.001189e+00  3.807294e-03          1.618182e+00
   19  1.999736e+00  2.000289e+00  6.985874e-08  8.379880e-08  1.998836e+00  2.001189e+00  2.353600e-03          1.617647e+00
   20  1.999390e+00  1.999736e+00  3.726195e-07  6.985874e-08  1.998836e+00  2.000289e+00  1.453694e-03          1.619048e+00
   21  1.999736e+00  1.999943e+00  6.985874e-08  3.207799e-09  1.999390e+00  2.000289e+00  8.999059e-04          1.615385e+00
   22  1.999943e+00  2.000082e+00  3.207799e-09  6.692815e-09  1.999736e+00  2.000289e+00  5.537883e-04          1.625000e+00
   23  1.999874e+00  1.999943e+00  1.584098e-08  3.207799e-09  1.999736e+00  2.000082e+00  3.461177e-04          1.600000e+00
   24  1.999943e+00  2.000013e+00  3.207799e-09  1.584098e-10  1.999874e+00  2.000082e+00  2.076706e-04          1.666667e+00
   25  2.000013e+00  2.000013e+00  1.584098e-10  1.584098e-10  1.999943e+00  2.000082e+00  1.384471e-04          1.500000e+00
   26
min = 1.999943e+00
dif = 5.663744e-05
