Expected min n = 54
    n            x1            x2            f1            f2             a             b         b - a   (b1 - a1) / (b - a)
    1  3.193496e+00  6.403252e+00  1.938863e+01  9.209757e+01 -2.000000e+00  1.159675e+01  1.359675e+01          1.618034e+00
    2  1.209757e+00  3.193496e+00  1.424432e+00  1.938863e+01 -2.000000e+00  6.403252e+00  8.403252e+00          1.618034e+00
    3 -1.626124e-02  1.209757e+00  6.244844e-01  1.424432e+00 -2.000000e+00  3.193496e+00  5.193496e+00          1.618034e+00
    4  1.209757e+00  1.967478e+00  4.065309e+00  6.244844e-01 -1.626124e-02  3.193496e+00  3.209757e+00          1.618034e+00
    5  1.967478e+00  2.435775e+00  6.244844e-01  1.057711e-03  1.209757e+00  3.193496e+00  1.983739e+00          1.618034e+00
    6  1.678054e+00  1.967478e+00  1.057711e-03  1.898996e-01  1.209757e+00  2.435775e+00  1.226018e+00          1.618034e+00
    7  1.967478e+00  2.146351e+00  1.036493e-01  1.057711e-03  1.678054e+00  2.435775e+00  7.577208e-01          1.618034e+00
    8  1.856928e+00  1.967478e+00  1.057711e-03  2.141866e-02  1.678054e+00  2.146351e+00  4.682972e-01          1.618034e+00
    9  1.967478e+00  2.035801e+00  2.046973e-02  1.057711e-03  1.856928e+00  2.146351e+00  2.894236e-01          1.618034e+00
   10  1.925251e+00  1.967478e+00  1.057711e-03  1.281723e-03  1.856928e+00  2.035801e+00  1.788736e-01          1.618034e+00
   11  1.967478e+00  1.993575e+00  5.587384e-03  1.057711e-03  1.925251e+00  2.035801e+00  1.105500e-01          1.618034e+00
   12  1.993575e+00  2.009704e+00  1.057711e-03  4.128277e-05  1.967478e+00  2.035801e+00  6.832364e-02          1.618034e+00
   13  1.983607e+00  1.993575e+00  4.128277e-05  9.416484e-05  1.967478e+00  2.009704e+00  4.222633e-02          1.618034e+00
   14  1.993575e+00  1.999736e+00  2.687452e-04  4.128277e-05  1.983607e+00  2.009704e+00  2.609731e-02          1.618034e+00
   15  1.999736e+00  2.003543e+00  4.128277e-05  6.992209e-08  1.993575e+00  2.009704e+00  1.612902e-02          1.618034e+00
   16  1.997382e+00  1.999736e+00  6.992209e-08  1.255369e-05  1.993575e+00  2.003543e+00  9.968285e-03          1.618034e+00
   17  1.999736e+00  2.001190e+00  6.851938e-06  6.992209e-08  1.997382e+00  2.003543e+00  6.160739e-03          1.618034e+00
   18  1.998837e+00  1.999736e+00  6.992209e-08  1.415922e-06  1.997382e+00  2.001190e+00  3.807546e-03          1.618034e+00
   19  1.999736e+00  2.000291e+00  1.353191e-06  6.992209e-08  1.998837e+00  2.001190e+00  2.353193e-03          1.618034e+00
   20  1.999392e+00  1.999736e+00  6.992209e-08  8.473084e-08  1.998837e+00  2.000291e+00  1.454353e-03          1.618034e+00
   21  1.999736e+00  1.999948e+00  3.693650e-07  6.992209e-08  1.999392e+00  2.000291e+00  8.988397e-04          1.618034e+00
   22  1.999948e+00  2.000079e+00  6.992209e-08  2.729078e-09  1.999736e+00  2.000291e+00  5.555135e-04          1.618034e+00
   23  1.999867e+00  1.999948e+00  2.729078e-09  6.224951e-09  1.999736e+00  2.000079e+00  3.433262e-04          1.618034e+00
   24  1.999948e+00  1.999998e+00  1.776593e-08  2.729078e-09  1.999867e+00  2.000079e+00  2.121873e-04          1.618034e+00
   25  1.999998e+00  2.000029e+00  2.729078e-09  4.622337e-12  1.999948e+00  2.000079e+00  1.311389e-04          1.618034e+00
   26  1.999979e+00  1.999998e+00  4.622337e-12  8.298860e-10  1.999948e+00  2.000029e+00  8.104832e-05          1.618034e+00
   27  1.999998e+00  2.000010e+00  4.529608e-10  4.622337e-12  1.999979e+00  2.000029e+00  5.009062e-05          1.618034e+00
   28  1.999991e+00  1.999998e+00  4.622337e-12  9.360232e-11  1.999979e+00  2.000010e+00  3.095770e-05          1.618034e+00
   29  1.999998e+00  2.000002e+00  8.945537e-11  4.622337e-12  1.999991e+00  2.000010e+00  1.913291e-05          1.618034e+00
   30  1.999995e+00  1.999998e+00  4.622337e-12  5.601298e-12  1.999991e+00  2.000002e+00  1.182479e-05          1.618034e+00
   31  1.999998e+00  2.000000e+00  2.441760e-11  4.622337e-12  1.999995e+00  2.000002e+00  7.308123e-06          1.618034e+00
   32  2.000000e+00  2.000001e+00  4.622337e-12  1.804111e-13  1.999998e+00  2.000002e+00  4.516668e-06          1.618034e+00
   33  1.999999e+00  2.000000e+00  1.804111e-13  4.115126e-13  1.999998e+00  2.000001e+00  2.791454e-06          1.618034e+00
   34  2.000000e+00  2.000000e+00  1.174452e-12  1.804111e-13  1.999999e+00  2.000001e+00  1.725214e-06          1.618034e+00
   35  2.000000e+00  2.000000e+00  1.804111e-13  3.055687e-16  2.000000e+00  2.000001e+00  1.066241e-06          1.618034e+00
   36  2.000000e+00  2.000000e+00  3.055687e-16  5.486124e-14  2.000000e+00  2.000000e+00  6.589730e-07          1.618034e+00
   37  2.000000e+00  2.000000e+00  2.994386e-14  3.055687e-16  2.000000e+00  2.000000e+00  4.072677e-07          1.618034e+00
   38  2.000000e+00  2.000000e+00  3.055687e-16  6.187765e-15  2.000000e+00  2.000000e+00  2.517053e-07          1.618034e+00
   39  2.000000e+00  2.000000e+00  5.913623e-15  3.055687e-16  2.000000e+00  2.000000e+00  1.555624e-07          1.618034e+00
   40  2.000000e+00  2.000000e+00  3.055687e-16  3.702848e-16  2.000000e+00  2.000000e+00  9.614287e-08          1.618034e+00
   41  2.000000e+00  2.000000e+00  1.614173e-15  3.055687e-16  2.000000e+00  2.000000e+00  5.941956e-08          1.618034e+00
   42  2.000000e+00  2.000000e+00  3.055687e-16  1.192643e-17  2.000000e+00  2.000000e+00  3.672331e-08          1.618034e+00
   43  2.000000e+00  2.000000e+00  1.192643e-17  2.720384e-17  2.000000e+00  2.000000e+00  2.269625e-08          1.618034e+00
   44  2.000000e+00  2.000000e+00  7.763945e-17  1.192643e-17  2.000000e+00  2.000000e+00  1.402706e-08          1.618034e+00
   45  2.000000e+00  2.000000e+00  1.192643e-17  2.020046e-20  2.000000e+00  2.000000e+00  8.669197e-09          1.618034e+00
   46  2.000000e+00  2.000000e+00  2.020046e-20  3.626706e-18  2.000000e+00  2.000000e+00  5.357858e-09          1.618034e+00
   47  2.000000e+00  2.000000e+00  1.979500e-18  2.020046e-20  2.000000e+00  2.000000e+00  3.311339e-09          1.618034e+00
   48  2.000000e+00  2.000000e+00  2.020046e-20  4.090528e-19  2.000000e+00  2.000000e+00  2.046520e-09          1.618034e+00
   49  2.000000e+00  2.000000e+00  3.909329e-19  2.020046e-20  2.000000e+00  2.000000e+00  1.264819e-09          1.618034e+00
   50  2.000000e+00  2.000000e+00  2.020046e-20  2.447812e-20  2.000000e+00  2.000000e+00  7.817011e-10          1.618034e+00
   51  2.000000e+00  2.000000e+00  1.067087e-19  2.020046e-20  2.000000e+00  2.000000e+00  4.831178e-10          1.618034e+00
   52  2.000000e+00  2.000000e+00  2.020046e-20  7.884730e-22  2.000000e+00  2.000000e+00  2.985832e-10          1.618034e+00
   53  2.000000e+00  2.000000e+00  7.884730e-22  1.798276e-21  2.000000e+00  2.000000e+00  1.845344e-10          1.618035e+00
   54  2.000000e+00  2.000000e+00  5.132643e-21  7.884730e-22  2.000000e+00  2.000000e+00  1.140485e-10          1.618034e+00
   55  2.000000e+00  2.000000e+00  7.884730e-22  1.337794e-24  2.000000e+00  2.000000e+00  7.048584e-11          1.618035e+00
Real n = 55
